00100000000001000000000000011011
00111000100001010000000000000101
00000000100001010011000000100000
00000000101001000011100000100010
00000000111001100100000000101010
00000000111000000100100000100101
00000000111000000101000000100100
00000000000001110101100001000000
00000000000001110110000001000010
00000001000001110110100000101010
00111100000000010000000000000000
00110100001011100000000000001100
00111100000000010000000000000000
00110100001011110000000001101110
00111100000000010000000000000000
00110100001100000000000001111000
10101101110011110000000000000100
10101101110100000000000000001000
10001101110100010000000000000100
